0 0.236493 0.611020 0.036065 0.141276 0.500000 0.422222
2 0.723997 0.512665 0.064726 0.107092 1.000000 0.528951
0 0.624752 0.522109 0.058021 0.123833 0.500000 0.550000
2 0.272490 0.604377 0.070736 0.123336 0.000000 0.231736
0 0.786261 0.473176 0.052424 0.150700 0.500000 0.522222
1 0.320781 0.580450 0.059411 0.150702 0.500000 0.595799
2 0.077075 0.682285 0.092691 0.102970 1.000000 0.270235
2 0.521629 0.562323 0.061798 0.111226 1.000000 0.550000
1 0.419085 0.556059 0.084170 0.126962 0.500000 0.900941
2 0.895151 0.494933 0.082307 0.082625 1.000000 0.247334
0 0.821107 0.470331 0.044492 0.140549 0.500000 0.466667
2 0.605092 0.543374 0.062634 0.108810 1.000000 0.550000
0 0.668366 0.510174 0.057263 0.129998 0.500000 0.544444
1 0.191587 0.603566 0.042370 0.172209 0.500000 0.397428
2 0.772910 0.518252 0.056447 0.094985 1.000000 0.409193
0 0.458556 0.558007 0.035713 0.146589 0.500000 0.422222
2 0.559470 0.546620 0.067903 0.111635 1.000000 0.587367
0 0.092566 0.641583 0.040374 0.144712 0.500000 0.477778
2 0.173575 0.654724 0.067877 0.112149 1.000000 0.427778
0 0.371320 0.577139 0.037162 0.148640 0.500000 0.466667
